 -20.000  -0.5921   0.2257    0.2244    0.0137   1.0000   0.0075
 -19.750  -0.5846   0.2221    0.2207    0.0117   1.0000   0.0075
 -19.000  -0.5612   0.2127    0.2114    0.0061   1.0000   0.0071
 -18.500  -0.7391   0.1484    0.1468   -0.0210   1.0000   0.0123
 -18.250  -0.7523   0.1413    0.1397   -0.0249   1.0000   0.0128
 -18.000  -0.7796   0.1316    0.1300   -0.0302   1.0000   0.0131
 -17.750  -0.8114   0.1214    0.1197   -0.0359   1.0000   0.0133
 -17.500  -0.8509   0.1102    0.1084   -0.0424   1.0000   0.0134
 -17.250  -1.2725   0.0339    0.0310   -0.1016   1.0000   0.0115
 -17.000  -1.2880   0.0299    0.0268   -0.1038   1.0000   0.0116
 -16.750  -1.2947   0.0281    0.0250   -0.1015   1.0000   0.0117
 -16.500  -1.2929   0.0269    0.0237   -0.0992   1.0000   0.0118
 -16.250  -1.2898   0.0258    0.0226   -0.0965   1.0000   0.0119
 -16.000  -1.2855   0.0250    0.0216   -0.0937   1.0000   0.0120
 -15.750  -1.2791   0.0239    0.0205   -0.0912   0.9999   0.0121
 -15.500  -1.2573   0.0224    0.0188   -0.0923   0.9989   0.0126
 -15.250  -1.2320   0.0213    0.0177   -0.0932   0.9979   0.0131
 -15.000  -1.2051   0.0205    0.0169   -0.0941   0.9969   0.0134
 -14.750  -1.1770   0.0198    0.0161   -0.0951   0.9961   0.0138
 -14.500  -1.1481   0.0191    0.0154   -0.0961   0.9953   0.0141
 -14.250  -1.1184   0.0185    0.0147   -0.0972   0.9946   0.0144
 -14.000  -1.0881   0.0179    0.0141   -0.0983   0.9941   0.0147
 -13.750  -1.0606   0.0172    0.0133   -0.0990   0.9929   0.0151
 -13.500  -1.0339   0.0165    0.0125   -0.0995   0.9911   0.0157
 -13.250  -1.0047   0.0160    0.0120   -0.1002   0.9898   0.0162
 -13.000  -0.9745   0.0156    0.0115   -0.1011   0.9887   0.0167
 -12.750  -0.9436   0.0152    0.0111   -0.1021   0.9878   0.0171
 -12.500  -0.9128   0.0148    0.0107   -0.1030   0.9867   0.0175
 -12.250  -0.8822   0.0144    0.0104   -0.1038   0.9855   0.0178
 -12.000  -0.8531   0.0139    0.0097   -0.1045   0.9841   0.0183
 -11.750  -0.8257   0.0133    0.0091   -0.1048   0.9818   0.0189
 -11.500  -0.7998   0.0130    0.0088   -0.1046   0.9782   0.0194
 -11.250  -0.7728   0.0127    0.0085   -0.1045   0.9750   0.0199
 -11.000  -0.7453   0.0124    0.0082   -0.1045   0.9721   0.0204
 -10.750  -0.7185   0.0122    0.0079   -0.1043   0.9688   0.0208
 -10.500  -0.6925   0.0120    0.0077   -0.1040   0.9645   0.0212
 -10.250  -0.6660   0.0118    0.0074   -0.1037   0.9600   0.0214
 -10.000  -0.6414   0.0112    0.0068   -0.1032   0.9547   0.0221
  -9.750  -0.6157   0.0109    0.0064   -0.1028   0.9487   0.0228
  -9.500  -0.5892   0.0106    0.0061   -0.1025   0.9431   0.0233
  -9.250  -0.5620   0.0104    0.0059   -0.1024   0.9383   0.0239
  -9.000  -0.5348   0.0102    0.0056   -0.1022   0.9328   0.0244
  -8.750  -0.5076   0.0100    0.0054   -0.1020   0.9273   0.0248
  -8.500  -0.4798   0.0098    0.0052   -0.1020   0.9220   0.0252
  -8.250  -0.4521   0.0096    0.0050   -0.1019   0.9158   0.0254
  -8.000  -0.4257   0.0092    0.0045   -0.1017   0.9096   0.0266
  -7.750  -0.3980   0.0089    0.0042   -0.1016   0.9032   0.0273
  -7.500  -0.3704   0.0087    0.0040   -0.1015   0.8961   0.0279
  -7.250  -0.3423   0.0086    0.0037   -0.1015   0.8895   0.0286
  -7.000  -0.3145   0.0084    0.0036   -0.1014   0.8814   0.0293
  -6.750  -0.2863   0.0083    0.0034   -0.1014   0.8740   0.0297
  -6.500  -0.2584   0.0081    0.0032   -0.1013   0.8652   0.0302
  -6.250  -0.2305   0.0078    0.0029   -0.1012   0.8569   0.0316
  -5.750  -0.1744   0.0076    0.0025   -0.1011   0.8378   0.0338
  -5.500  -0.1463   0.0075    0.0024   -0.1011   0.8278   0.0347
  -5.250  -0.1181   0.0073    0.0022   -0.1010   0.8167   0.0357
  -5.000  -0.0900   0.0072    0.0020   -0.1010   0.8061   0.0385
  -4.750  -0.0619   0.0071    0.0019   -0.1010   0.7952   0.0407
  -4.250  -0.0057   0.0069    0.0016   -0.1009   0.7715   0.0519
  -4.000   0.0224   0.0068    0.0015   -0.1009   0.7599   0.0599
  -3.750   0.0506   0.0067    0.0015   -0.1009   0.7478   0.0661
  -3.500   0.0787   0.0066    0.0014   -0.1009   0.7353   0.0739
  -3.250   0.1072   0.0066    0.0013   -0.1009   0.7240   0.0798
  -3.000   0.1354   0.0065    0.0013   -0.1009   0.7125   0.0870
  -2.750   0.1636   0.0065    0.0012   -0.1009   0.7001   0.0952
  -2.500   0.1919   0.0065    0.0012   -0.1009   0.6876   0.1038
  -2.250   0.2202   0.0064    0.0011   -0.1009   0.6757   0.1154
  -2.000   0.2484   0.0064    0.0011   -0.1009   0.6632   0.1299
  -1.750   0.2765   0.0063    0.0010   -0.1009   0.6500   0.1463
  -1.500   0.3046   0.0063    0.0010   -0.1009   0.6367   0.1654
  -1.250   0.3328   0.0063    0.0010   -0.1010   0.6235   0.1882
  -1.000   0.3609   0.0062    0.0010   -0.1010   0.6104   0.2154
  -0.750   0.3890   0.0062    0.0010   -0.1010   0.5974   0.2383
  -0.500   0.4171   0.0062    0.0010   -0.1010   0.5845   0.2557
  -0.250   0.4451   0.0062    0.0010   -0.1010   0.5714   0.2725
   0.000   0.4733   0.0062    0.0011   -0.1011   0.5600   0.2945
   0.250   0.5014   0.00621   0.00108  -0.1011   0.5489   0.3274
   0.500   0.5292   0.00619   0.00112  -0.1011   0.5378   0.3680
   0.750   0.5571   0.00612   0.00115  -0.1012   0.5273   0.4228
   1.000   0.5847   0.00595   0.00121  -0.1012   0.5174   0.5218
   1.250   0.6119   0.00583   0.00128  -0.1012   0.5068   0.6165
   1.500   0.6390   0.00562   0.00135  -0.1011   0.4991   0.7278
   1.750   0.6643   0.00543   0.00145  -0.1004   0.4902   0.8441
   2.000   0.6860   0.00527   0.00154  -0.0988   0.4832   0.9466
   2.250   0.7191   0.00534   0.00159  -0.0998   0.4742   0.9877
   2.500   0.7541   0.00541   0.00164  -0.1014   0.4658   1.0000
   2.750   0.7811   0.00553   0.00170  -0.1012   0.4555   1.0000
   3.000   0.8083   0.00565   0.00177  -0.1011   0.4451   1.0000
   3.250   0.8356   0.00576   0.00184  -0.1009   0.4343   1.0000
   3.500   0.8627   0.00589   0.00192  -0.1008   0.4237   1.0000
   3.750   0.8898   0.00603   0.00201  -0.1006   0.4120   1.0000
   4.000   0.9162   0.00623   0.00212  -0.1003   0.3938   1.0000
   4.250   0.9426   0.00642   0.00223  -0.1001   0.3758   1.0000
   4.500   0.9691   0.00660   0.00235  -0.0999   0.3608   1.0000
   4.750   0.9956   0.00679   0.00247  -0.0996   0.3470   1.0000
   5.000   1.0219   0.00699   0.00261  -0.0994   0.3322   1.0000
   5.250   1.0478   0.00722   0.00276  -0.0991   0.3150   1.0000
   5.500   1.0730   0.00750   0.00295  -0.0986   0.2927   1.0000
   5.750   1.0974   0.00784   0.00316  -0.0981   0.2686   1.0000
   6.000   1.1214   0.00820   0.00340  -0.0975   0.2431   1.0000
   6.250   1.1451   0.00859   0.00366  -0.0968   0.2172   1.0000
   6.500   1.1679   0.00904   0.00396  -0.0960   0.1890   1.0000
   6.750   1.1893   0.00959   0.00433  -0.0950   0.1561   1.0000
   7.000   1.2109   0.01012   0.00469  -0.0940   0.1282   1.0000
   7.250   1.2331   0.01057   0.00504  -0.0931   0.1081   1.0000
   7.500   1.2555   0.01100   0.00537  -0.0923   0.0917   1.0000
   7.750   1.2768   0.01150   0.00575  -0.0913   0.0743   1.0000
   8.000   1.2985   0.01194   0.00612  -0.0903   0.0613   1.0000
   8.250   1.3204   0.01236   0.00648  -0.0894   0.0525   1.0000
   8.500   1.3420   0.01277   0.00684  -0.0884   0.0459   1.0000
   8.750   1.3646   0.01309   0.00716  -0.0876   0.0428   1.0000
   9.000   1.3857   0.01350   0.00754  -0.0866   0.0387   1.0000
   9.250   1.4081   0.01380   0.00785  -0.0858   0.0374   1.0000
   9.500   1.4289   0.01417   0.00821  -0.0847   0.0354   1.0000
   9.750   1.4481   0.01459   0.00863  -0.0833   0.0329   1.0000
  10.000   1.4675   0.01491   0.00896  -0.0819   0.0321   1.0000
  10.250   1.4862   0.01526   0.00933  -0.0805   0.0311   1.0000
  10.500   1.5039   0.01567   0.00975  -0.0789   0.0298   1.0000
  10.750   1.5203   0.01617   0.01025  -0.0771   0.0282   1.0000
  11.000   1.5373   0.01663   0.01073  -0.0755   0.0271   1.0000
  11.250   1.5552   0.01705   0.01117  -0.0741   0.0265   1.0000
  11.500   1.5719   0.01753   0.01168  -0.0726   0.0256   1.0000
  11.750   1.5876   0.01809   0.01224  -0.0710   0.0245   1.0000
  12.000   1.6012   0.01877   0.01295  -0.0691   0.0231   1.0000
  12.250   1.6171   0.01934   0.01355  -0.0676   0.0225   1.0000
  12.500   1.6327   0.01994   0.01417  -0.0661   0.0217   1.0000
  12.750   1.6466   0.02064   0.01489  -0.0645   0.0208   1.0000
  13.000   1.6590   0.02148   0.01574  -0.0628   0.0196   1.0000
  13.250   1.6712   0.02234   0.01664  -0.0611   0.0188   1.0000
  13.500   1.6844   0.02316   0.01749  -0.0597   0.0182   1.0000
  13.750   1.6962   0.02410   0.01846  -0.0582   0.0175   1.0000
  14.000   1.7064   0.02518   0.01957  -0.0566   0.0166   1.0000
  14.250   1.7139   0.02650   0.02092  -0.0548   0.0156   1.0000
  14.500   1.7251   0.02758   0.02206  -0.0535   0.0153   1.0000
  14.750   1.7346   0.02884   0.02335  -0.0522   0.0147   1.0000
  15.000   1.7423   0.03026   0.02481  -0.0508   0.0141   1.0000
  15.250   1.7483   0.03188   0.02646  -0.0495   0.0135   1.0000
  15.500   1.7519   0.03377   0.02841  -0.0481   0.0128   1.0000
  15.750   1.7583   0.03547   0.03017  -0.0471   0.0126   1.0000
  16.000   1.7642   0.03726   0.03202  -0.0461   0.0123   1.0000
  16.250   1.7687   0.03925   0.03407  -0.0452   0.0120   1.0000
  16.500   1.7719   0.04144   0.03632  -0.0444   0.0116   1.0000
  16.750   1.7738   0.04383   0.03877  -0.0438   0.0113   1.0000
  17.000   1.7739   0.04646   0.04146  -0.0432   0.0110   1.0000
  17.250   1.7720   0.04940   0.04447  -0.0427   0.0106   1.0000
  17.500   1.7679   0.05268   0.04783  -0.0424   0.0102   1.0000
  17.750   1.7687   0.05547   0.05069  -0.0422   0.0101   1.0000
  18.000   1.7678   0.05847   0.05377  -0.0422   0.0100   1.0000
  18.250   1.7657   0.06170   0.05708  -0.0422   0.0098   1.0000
  18.500   1.7626   0.06512   0.06058  -0.0424   0.0097   1.0000
  18.750   1.7581   0.06877   0.06431  -0.0428   0.0095   1.0000
  19.000   1.7525   0.07258   0.06820  -0.0432   0.0093   1.0000
  19.250   1.7456   0.07661   0.07231  -0.0438   0.0092   1.0000
  19.500   1.7377   0.08085   0.07663  -0.0445   0.0090   1.0000
  19.750   1.7289   0.08527   0.08112  -0.0454   0.0088   1.0000
  20.000   1.7185   0.08996   0.08590  -0.0464   0.0087   1.0000
